111111111111111111111111111111
111111110111111111111011111111
110100000100011110001000001011
110111011101011110101110111011
110101010001011110100010101011
110101010111111111111010101011
110101010101001100101010101011
111101010111111111111010101111
110001010000011110000010100011
110111011111011110111110111011
100101010100011110001010101001
111101010111011110111010101111
110001010001011110100010100011
111111111101111111101111111111
111111111111111111111111111111
111111111111111111111111111111
111111111101111111101111111111
110001010001011110100010100011
111101010111011110111010101111
100101010100011110001010101001
110111011111011110111110111011
110001010000011110000010100011
111101010111111111111010101111
110101010101001100101010101011
110101010111111111111010101011
110101010001011110100010101011
110111011101011110101110111011
110100000100011110001000001011
111111110111111111111011111111
111111111111111111111111111111
